CombinedSpineCont... started logging at time 02242018_124133 with 4 abstract markers.
time (sec),rot vert pos (rad),0_abstractMarker((0.5  0.5  0.5)).X,0_abstractMarker((0.5  0.5  0.5)).Y,0_abstractMarker((0.5  0.5  0.5)).Z,1_abstractMarker((0.2  0.7  0.2)).X,1_abstractMarker((0.2  0.7  0.2)).Y,1_abstractMarker((0.2  0.7  0.2)).Z,2_abstractMarker((0.5  0.2  0)).X,2_abstractMarker((0.5  0.2  0)).Y,2_abstractMarker((0.5  0.2  0)).Z,3_abstractMarker((0  0.7  0.7)).X,3_abstractMarker((0  0.7  0.7)).Y,3_abstractMarker((0  0.7  0.7)).Z,
0.1,0,-65.7052,5.74851,-7.55028,-65.7052,5.74823,7.54972,1.24376,5.78322,-7.54773,1.24188,5.78499,7.55227,
0.2,0,-65.5223,5.79513,-7.5511,-65.522,5.79408,7.5489,1.00376,5.8497,-7.54623,0.98849,5.85047,7.55376,
0.3,0,-64.7975,3.97002,-7.558,-64.7945,3.96288,7.542,0.0352712,4.00429,-7.55116,0.0243592,4.00152,7.54884,
0.4,0,-64.6392,2.75,-7.65313,-64.7028,2.7583,7.44674,-0.223249,2.75,-7.65452,-0.170081,2.75,7.44539,
0.5,0,-64.9293,2.75,-7.68026,-64.9746,2.75,7.41968,0.109687,2.75,-7.68283,0.145636,2.75,7.41713,
0.6,0,-65.0405,2.75001,-7.68044,-65.0535,2.74999,7.41955,0.217302,2.75,-7.68007,0.229742,2.74999,7.41992,
0.7,0,-65.0652,2.75,-7.67943,-65.0618,2.75,7.42057,0.227878,2.75,-7.68007,0.236786,2.75001,7.41992,
0.8,0,-65.0634,2.75001,-7.68116,-65.062,2.75,7.41884,0.223828,2.75,-7.67902,0.235159,2.75001,7.42098,
0.9,0,-65.0661,2.74999,-7.67902,-65.0597,2.75,7.42097,0.223872,2.75,-7.68057,0.235652,2.75,7.41943,
1,0,-65.0741,2.75001,-7.67661,-65.0637,2.75,7.42338,0.230178,2.75,-7.68305,0.24163,2.75,7.41694,
1.1,0,-65.0796,2.75,-7.67615,-65.0689,2.75,7.42385,0.232512,2.75,-7.68343,0.243303,2.75001,7.41657,
1.2,0,-65.0795,2.75,-7.6758,-65.0682,2.75,7.42419,0.232894,2.75,-7.68346,0.243227,2.75001,7.41653,
1.3,0,-65.0827,2.75,-7.67407,-65.0687,2.75,7.42592,0.234662,2.75,-7.68611,0.245714,2.74999,7.41388,
1.4,0,-65.0898,2.75,-7.67122,-65.0742,2.75,7.42877,0.238503,2.75,-7.68807,0.250345,2.75,7.41193,
1.5,0,-65.0929,2.75,-7.67097,-65.0768,2.75,7.42902,0.240965,2.75,-7.6882,0.251942,2.74999,7.4118,
1.6,0,-65.0928,2.75,-7.67071,-65.076,2.75,7.42928,0.241708,2.75,-7.6887,0.251904,2.75001,7.4113,
1.7,0,-65.0973,2.75,-7.66829,-65.078,2.75,7.4317,0.243556,2.75,-7.69123,0.25478,2.75001,7.40877,
1.8,0,-65.1028,2.75,-7.66659,-65.0826,2.75,7.4334,0.247925,2.74999,-7.6928,0.259102,2.75001,7.4072,
1.9,0,-65.1051,2.75001,-7.66646,-65.0845,2.74999,7.43352,0.249194,2.75,-7.69289,0.260015,2.75,7.40711,
2,0,-65.1055,2.75,-7.6659,-65.0842,2.75,7.43408,0.24977,2.75,-7.69348,0.260277,2.75001,7.40652,
2.1,0,-65.107,2.75,-7.66437,-65.086,2.75,7.43562,0.251124,2.75,-7.69578,0.264477,2.75001,7.40422,
2.2,0,-65.1077,2.75,-7.66375,-65.0921,2.75,7.43625,0.249781,2.75,-7.69655,0.269938,2.74999,7.40344,
2.3,0,-65.1052,2.75,-7.66464,-65.1039,2.75,7.43536,0.242792,2.75,-7.69828,0.276107,2.75001,7.40169,
2.4,0,-65.1007,2.74999,-7.67034,-65.1287,2.75,7.42964,0.233835,2.75,-7.70086,0.287338,2.75001,7.39905,
2.5,0,-65.0985,2.75,-7.67978,-65.1741,2.75,7.42003,0.224532,2.75,-7.70645,0.311188,2.75,7.39331,
2.6,0,-65.0945,2.75,-7.68788,-65.2091,2.75,7.41169,0.21453,2.75,-7.71158,0.33844,2.75001,7.38791,
2.7,0,-65.0769,2.75,-7.68661,-65.223,2.75,7.41269,0.204118,2.75,-7.7163,0.35919,2.75001,7.3829,
2.8,0,-65.072,2.75,-7.69605,-65.2658,2.75,7.4027,0.19421,2.75,-7.72255,0.386706,2.75,7.37622,
2.9,0,-65.0686,2.75,-7.7058,-65.3239,2.75,7.39205,0.18333,2.74999,-7.72611,0.421543,2.75,7.37201,
3,0,-65.0649,2.74999,-7.71485,-65.3696,2.75,7.38207,0.171125,2.75,-7.72834,0.45423,2.74999,7.36901,
3.1,0,-65.0604,2.75,-7.72334,-65.4003,2.75,7.37283,0.160901,2.75,-7.73178,0.479556,2.75,7.36485,
3.2,0,-65.0567,2.75,-7.73243,-65.4341,2.75001,7.36285,0.151998,2.75,-7.73557,0.502903,2.75001,7.36035,
3.3,0,-65.0535,2.75,-7.74187,-65.4773,2.75,7.35218,0.142109,2.75,-7.73924,0.529464,2.75001,7.35579,
3.4,0,-65.0499,2.75001,-7.75122,-65.5236,2.75,7.34135,0.130956,2.74999,-7.74093,0.55605,2.75,7.35309,
3.5,0,-65.0459,2.75,-7.76055,-65.5671,2.75001,7.33046,0.119749,2.74999,-7.74297,0.58558,2.75,7.34984,
3.6,0,-65.042,2.75,-7.76993,-65.6135,2.75,7.31925,0.10951,2.74999,-7.74592,0.617322,2.75,7.34554,
3.7,0,-65.0387,2.75,-7.77933,-65.6586,2.75,7.30794,0.0982325,2.74999,-7.74859,0.645954,2.75,7.34147,
3.8,0,-65.0354,2.75001,-7.78864,-65.7013,2.75001,7.29667,0.0874965,2.75,-7.75027,0.669528,2.75,7.33851,
3.9,0,-65.0316,2.75,-7.79785,-65.7382,2.74999,7.28561,0.0770317,2.75,-7.75222,0.694936,2.75,7.33514,
4,0,-65.028,2.75,-7.80718,-65.7794,2.75,7.27411,0.0667075,2.75,-7.75455,0.723678,2.75,7.33115,
4.1,0,-65.0249,2.75001,-7.81651,-65.8254,2.74999,7.26226,0.0562973,2.74999,-7.75454,0.752293,2.75,7.32941,
4.2,0,-65.0212,2.75,-7.82525,-65.8708,2.75,7.25083,0.0458551,2.75,-7.75173,0.779068,2.75,7.33046,
4.3,0,-65.017,2.75,-7.83354,-65.9167,2.74999,7.23963,0.0362094,2.75,-7.74897,0.807519,2.75,7.33132,
4.4,0,-65.0132,2.75001,-7.84242,-65.9572,2.75,7.22804,0.0264739,2.74999,-7.7461,0.83594,2.75,7.33219,
4.5,0,-65.0095,2.75001,-7.85111,-66.0001,2.75,7.21636,0.0168107,2.75,-7.74278,0.860802,2.75,7.33361,
4.6,0,-65.0054,2.75001,-7.85934,-66.0417,2.75001,7.20506,0.00718378,2.75,-7.73953,0.886068,2.75,7.33487,
4.7,0,-65.0013,2.75001,-7.8678,-66.0828,2.75,7.19342,-0.00232629,2.74999,-7.73645,0.912445,2.75,7.33582,
4.8,0,-64.9972,2.75,-7.87619,-66.1252,2.75,7.18161,-0.0119128,2.75,-7.73337,0.938991,2.75001,7.33666,
4.9,0,-64.9931,2.75001,-7.8848,-66.1676,2.75,7.16945,-0.0222685,2.75,-7.73031,0.965743,2.75,7.33733,
5,0,-64.9886,2.75,-7.89324,-66.2118,2.74999,7.15713,-0.0320337,2.74999,-7.72714,0.992506,2.75,7.33806,
5.1,0,-64.9841,2.75001,-7.90153,-66.2531,2.75,7.14506,-0.0418098,2.75,-7.72397,1.01898,2.75,7.33873,
5.2,0,-64.9798,2.75,-7.91,-66.2963,2.75,7.13251,-0.0514043,2.75,-7.72074,1.04441,2.75,7.33945,
5.3,0,-64.9754,2.75001,-7.91841,-66.3359,2.75001,7.12018,-0.0615111,2.74999,-7.71755,1.07078,2.75,7.33994,
5.4,0,-64.9703,2.75,-7.92534,-66.379,2.75,7.1088,-0.0712413,2.75,-7.71428,1.09599,2.75,7.34054,
5.5,0,-64.9645,2.75,-7.93075,-66.4214,2.75,7.09881,-0.0815193,2.75,-7.71125,1.1234,2.75,7.3406,
5.6,0,-64.96,2.75,-7.93574,-66.4599,2.75,7.08958,-0.0909788,2.74999,-7.70805,1.15065,2.75,7.34082,
5.7,0,-64.9567,2.74999,-7.93673,-66.4815,2.75,7.08608,-0.0951817,2.75,-7.69984,1.16836,2.75,7.3472,
5.8,0,-64.9554,2.75,-7.93656,-66.491,2.75,7.08516,-0.0921102,2.75,-7.68901,1.17823,2.74999,7.35746,
5.9,0,-64.9553,2.75,-7.93781,-66.4977,2.75,7.08321,-0.0882881,2.74999,-7.68055,1.18438,2.75,7.36572,
6,0,-64.954,2.74999,-7.93887,-66.5034,2.75,7.08142,-0.0855549,2.75,-7.67206,1.18947,2.75,7.37401,
6.1,0,-64.9528,2.75001,-7.93925,-66.5092,2.74999,7.08033,-0.0810829,2.75,-7.66324,1.19589,2.74999,7.38267,
6.2,0,-64.9525,2.75,-7.93943,-66.5159,2.75,7.07942,-0.075894,2.75,-7.65428,1.20319,2.75,7.39145,
6.3,0,-64.9531,2.75,-7.93978,-66.5224,2.74999,7.07846,-0.0712402,2.75,-7.64608,1.20854,2.75,7.39959,
6.4,0,-64.9533,2.75001,-7.93954,-66.5268,2.74999,7.07826,-0.0667571,2.75,-7.63848,1.21255,2.74999,7.40723,
6.5,0,-64.9529,2.75,-7.93862,-66.5301,2.75,7.07878,-0.0617428,2.75,-7.6303,1.21759,2.75,7.41541,
6.6,0,-64.9538,2.75,-7.93692,-66.5349,2.75,7.08007,-0.0568462,2.75,-7.62178,1.22329,2.75,7.42386,
6.7,0,-64.9553,2.75001,-7.93636,-66.5404,2.74999,7.08021,-0.0511228,2.75,-7.61383,1.22877,2.74999,7.43183,
6.8,0,-64.956,2.74999,-7.93579,-66.5444,2.75,7.08044,-0.0459875,2.75,-7.60635,1.23258,2.75,7.43943,
6.9,0,-64.9566,2.75,-7.93517,-66.5477,2.75,7.08078,-0.0411504,2.75,-7.59857,1.23616,2.75,7.44731,
7,0,-64.9581,2.75,-7.93392,-66.5518,2.75,7.08174,-0.0361249,2.75,-7.5904,1.24111,2.74999,7.45548,
7.1,0,-64.9596,2.75001,-7.9328,-66.5564,2.75,7.08253,-0.0301102,2.75,-7.58246,1.24663,2.75,7.46346,
7.2,0,-64.9608,2.75001,-7.93337,-66.5601,2.75,7.08169,-0.0248259,2.75,-7.57497,1.25035,2.75,7.47109,
7.3,0,-64.9615,2.75,-7.93376,-66.5634,2.74999,7.08104,-0.0202718,2.75,-7.56751,1.25285,2.74999,7.47873,
7.4,0,-64.9606,2.75,-7.93405,-66.5659,2.74999,7.08037,-0.0149294,2.75,-7.55972,1.25723,2.75,7.48659,
7.5,0,-64.9603,2.75,-7.93455,-66.5688,2.74999,7.07953,-0.00908065,2.75,-7.55173,1.26248,2.75,7.49464,
7.6,0,-64.9607,2.75,-7.93528,-66.572,2.74999,7.07851,-0.00403109,2.75,-7.54423,1.26601,2.74999,7.50226,
7.7,0,-64.9604,2.75,-7.93587,-66.574,2.74999,7.07767,0.000807715,2.75,-7.53688,1.26874,2.75,7.50979,
7.8,0,-64.9594,2.75,-7.93619,-66.5753,2.74999,7.0771,0.00583621,2.75,-7.52932,1.27228,2.75,7.51748,
7.9,0,-64.9594,2.75,-7.93649,-66.5779,2.74999,7.07652,0.0112418,2.75,-7.52152,1.27659,2.74999,7.52537,
8,0,-64.9597,2.75,-7.93697,-66.5808,2.74999,7.07576,0.0163605,2.75,-7.51399,1.28034,2.75,7.53301,
8.1,0,-64.9593,2.75,-7.93768,-66.5826,2.74999,7.07481,0.0213181,2.75,-7.5067,1.28327,2.75,7.54048,
8.2,0,-64.9588,2.75,-7.9383,-66.5841,2.74999,7.07398,0.0260594,2.75,-7.49929,1.28597,2.74999,7.54805,
8.3,0,-64.9588,2.75,-7.93859,-66.5863,2.74999,7.07345,0.0307438,2.75,-7.4917,1.2894,2.75,7.55575,
8.4,0,-64.9586,2.75,-7.93902,-66.5885,2.74999,7.07276,0.036122,2.75,-7.48418,1.29344,2.75,7.56338,
8.5,0,-64.9587,2.75,-7.93989,-66.5906,2.74999,7.07167,0.0410811,2.75,-7.47687,1.29628,2.74999,7.57087,
8.6,0,-64.9586,2.75,-7.9406,-66.5924,2.74999,7.07074,0.0453402,2.75,-7.46958,1.29837,2.75,7.57834,
8.7,0,-64.9579,2.75,-7.94095,-66.5939,2.74999,7.07017,0.04997,2.75,-7.46215,1.30143,2.75,7.5859,
8.8,0,-64.9579,2.75,-7.94141,-66.5957,2.75,7.0695,0.0550916,2.75,-7.45464,1.30515,2.74999,7.59353,
8.9,0,-64.9598,2.75,-7.94243,-66.598,2.75,7.06844,0.0598994,2.75,-7.44731,1.30788,2.75,7.60103,
9,0,-64.9609,2.75,-7.94342,-66.5996,2.75,7.0674,0.0645373,2.75,-7.44014,1.30948,2.75,7.60845,
9.1,0,-64.9614,2.75001,-7.94435,-66.6008,2.75,7.06639,0.0695739,2.75,-7.43289,1.31182,2.74999,7.61592,
9.2,0,-64.9624,2.75001,-7.94529,-66.6028,2.75,7.06535,0.0747323,2.75,-7.42552,1.31458,2.75,7.62349,
9.3,0,-64.9634,2.75001,-7.94625,-66.6051,2.74999,7.06425,0.0795155,2.75,-7.41829,1.31692,2.75,7.63092,
9.4,0,-64.964,2.74999,-7.94714,-66.6066,2.75,7.06325,0.0842646,2.75,-7.41115,1.319,2.74999,7.63829,
9.5,0,-64.9645,2.75,-7.94807,-66.6081,2.75,7.06222,0.0888418,2.75,-7.40391,1.32082,2.75,7.64574,
9.6,0,-64.9649,2.75001,-7.94903,-66.61,2.75,7.06109,0.0933512,2.75,-7.39662,1.32305,2.75,7.65322,
9.7,0,-64.9653,2.75001,-7.94996,-66.612,2.75,7.05999,0.0979837,2.75,-7.38939,1.32569,2.74999,7.66062,
9.8,0,-64.9659,2.75001,-7.95086,-66.6138,2.75,7.05894,0.10254,2.75,-7.38223,1.32783,2.75,7.66798,
9.9,0,-64.9663,2.75,-7.95174,-66.6155,2.75,7.05793,0.106667,2.75,-7.37503,1.32933,2.75,7.67539,
10,0,-64.9663,2.75001,-7.95262,-66.617,2.74999,7.05688,0.110823,2.75,-7.36779,1.3313,2.74999,7.68281,
10.1,0.00442597,-64.9664,2.74999,-7.95344,-66.6187,2.75,7.05588,0.115722,2.75,-7.36047,1.33402,2.75,7.6903,
10.2,0.00488,-64.967,2.75,-7.9543,-66.6207,2.75,7.05487,0.119937,2.75,-7.35327,1.33594,2.75,7.69769,
10.3,0.00531355,-64.9671,2.75,-7.95511,-66.6223,2.75,7.05389,0.123513,2.74999,-7.34621,1.3374,2.75001,7.70492,
10.4,0.00565825,-64.967,2.75,-7.95581,-66.6238,2.75,7.05302,0.123149,2.75,-7.34335,1.33811,2.74999,7.7077,
10.5,0.00602476,-64.9669,2.75,-7.9566,-66.6261,2.75,7.05197,0.122505,2.75,-7.34062,1.33861,2.74999,7.71033,
10.6,0.006445,-64.9668,2.75,-7.95766,-66.6286,2.75,7.05062,0.12184,2.75,-7.3379,1.33905,2.74999,7.71296,
10.7,0.00687002,-64.9669,2.75001,-7.95827,-66.6307,2.75,7.04979,0.121274,2.75,-7.33524,1.33944,2.74999,7.71555,
10.8,0.00739398,-64.9678,2.74999,-7.95873,-66.6324,2.75,7.04925,0.120746,2.75,-7.33262,1.33951,2.74999,7.71811,
10.9,0.00801274,-64.9694,2.75001,-7.95881,-66.6344,2.75,7.04912,0.120516,2.75,-7.33003,1.33935,2.74999,7.7207,
11,0.00871264,-64.9711,2.75001,-7.95906,-66.6365,2.75,7.04881,0.121042,2.75,-7.32753,1.33951,2.74999,7.72323,
11.1,0.00947933,-64.9728,2.75,-7.95937,-66.6387,2.75,7.04846,0.121593,2.75,-7.32501,1.33953,2.74999,7.72579,
11.2,0.01032,-64.9742,2.75001,-7.95982,-66.6407,2.75,7.04794,0.121732,2.75,-7.32239,1.33896,2.74999,7.72847,
11.3,0.0112622,-64.9755,2.75001,-7.96041,-66.6427,2.75,7.04727,0.122714,2.75,-7.31977,1.33879,2.75001,7.73118,
11.4,0.0122917,-64.9765,2.75,-7.96235,-66.6452,2.75,7.04516,0.123877,2.75,-7.31754,1.33907,2.75,7.73348,
11.5,0.013361,-64.9775,2.75,-7.96517,-66.6483,2.74999,7.0421,0.124418,2.75,-7.31468,1.33943,2.74999,7.73636,
11.6,0.014468,-64.9772,2.75001,-7.97044,-66.6522,2.75,7.03638,0.124677,2.75,-7.31124,1.3401,2.74999,7.73977,
11.7,0.0155963,-64.9763,2.74999,-7.97796,-66.6572,2.75,7.02819,0.125117,2.75,-7.30763,1.34061,2.75,7.74337,
11.8,0.0167524,-64.9758,2.75,-7.98548,-66.6626,2.75,7.02001,0.127245,2.74999,-7.30346,1.34077,2.75001,7.7477,
11.9,0.0178445,-64.976,2.75001,-7.993,-66.6679,2.75,7.01191,0.130473,2.75,-7.29836,1.34077,2.75001,7.75305,
12,0.0189174,-64.9763,2.74999,-8.00057,-66.6727,2.75,7.00383,0.133456,2.75,-7.29329,1.34095,2.75001,7.75835,
12.1,0.0199765,-64.9764,2.75,-8.00815,-66.6774,2.75,6.99574,0.134939,2.75,-7.2882,1.34072,2.75001,7.76358,
12.2,0.020924,-64.9769,2.75,-8.01562,-66.6822,2.75001,6.98778,0.135781,2.75,-7.28294,1.34037,2.75001,7.76893,
12.3,0.0218267,-64.9773,2.74999,-8.0229,-66.6867,2.75,6.98003,0.136219,2.74999,-7.27713,1.34082,2.75001,7.77474,
12.4,0.0226569,-64.9774,2.75,-8.03019,-66.6915,2.75,6.97221,0.137257,2.75,-7.27103,1.34072,2.74999,7.78094,
12.5,0.0234937,-64.9776,2.75,-8.03738,-66.6958,2.75,6.96455,0.138526,2.75,-7.26484,1.34018,2.75001,7.78728,
12.6,0.0242658,-64.9775,2.74999,-8.04445,-66.6999,2.75,6.957,0.140781,2.75001,-7.2588,1.33971,2.75,7.79353,
12.7,0.0249822,-64.9777,2.75,-8.0515,-66.7043,2.75,6.94947,0.143858,2.75,-7.25168,1.33903,2.75001,7.80095,
12.8,0.0257142,-64.9786,2.75,-8.05843,-66.7079,2.75,6.94222,0.146458,2.75,-7.24431,1.33829,2.75001,7.80858,
12.9,0.0264148,-64.9788,2.74999,-8.06525,-66.7114,2.75,6.93502,0.14799,2.75,-7.23675,1.33769,2.75001,7.81631,
13,0.0271586,-64.9788,2.75,-8.072,-66.7149,2.75,6.92788,0.150411,2.75,-7.22902,1.3369,2.75001,7.82429,
13.1,0.027933,-64.9791,2.74999,-8.07857,-66.7182,2.75,6.92095,0.153195,2.75,-7.22151,1.3359,2.75001,7.8321,
13.2,0.0287102,-64.9795,2.75,-8.08476,-66.7213,2.75,6.91445,0.156625,2.75001,-7.21281,1.33488,2.75001,7.84115,
13.3,0.0295476,-64.9804,2.75,-8.08919,-66.722,2.75,6.91005,0.159575,2.75,-7.20458,1.33405,2.75001,7.84967,
13.4,0.030432,-64.9809,2.75,-8.09271,-66.7241,2.75,6.90634,0.162152,2.75,-7.19672,1.33304,2.75001,7.85781,
13.5,0.0313844,-64.9812,2.75,-8.09622,-66.7265,2.75,6.90258,0.164429,2.75001,-7.18897,1.33204,2.75001,7.86582,
13.6,0.0323725,-64.9814,2.75,-8.09976,-66.7292,2.75,6.89875,0.166091,2.75001,-7.18119,1.33124,2.75001,7.87379,
13.7,0.0333886,-64.9818,2.75,-8.10338,-66.7319,2.75,6.89486,0.168494,2.75001,-7.17311,1.33026,2.75001,7.88213,
13.8,0.0344546,-64.982,2.75,-8.10706,-66.7343,2.75,6.89092,0.170016,2.75001,-7.16522,1.32933,2.75001,7.89021,
13.9,0.0355345,-64.982,2.75,-8.11076,-66.7368,2.75,6.88692,0.17177,2.75,-7.15732,1.32831,2.75001,7.89833,
14,0.0366666,-64.9816,2.75,-8.11612,-66.7399,2.75,6.88115,0.173896,2.75003,-7.14961,1.32749,2.75001,7.90626,
14.1,0.0378131,-64.9807,2.75,-8.12369,-66.7434,2.75001,6.87307,0.176432,2.75086,-7.14208,1.32678,2.75001,7.91404,
14.2,0.0391849,-64.9807,2.75001,-8.12955,-66.7445,2.75,6.86709,0.181949,2.75755,-7.13445,1.3261,2.75001,7.92214,
14.3,0.0411545,-64.981,2.75,-8.13489,-66.7446,2.75001,6.86177,0.196267,2.77926,-7.12648,1.3256,2.75001,7.9312,
14.4,0.0435856,-64.9807,2.75,-8.1404,-66.7452,2.75001,6.85615,0.212924,2.81267,-7.11784,1.32507,2.75001,7.94101,
14.5,0.0462095,-64.9799,2.75001,-8.14648,-66.7492,2.74999,6.84951,0.226193,2.85071,-7.10853,1.32452,2.75,7.95114,
14.6,0.0488742,-64.9785,2.75001,-8.15193,-66.755,2.75,6.84321,0.239469,2.89081,-7.09881,1.32369,2.75,7.96156,
14.7,0.0514471,-64.9766,2.75,-8.15654,-66.761,2.75001,6.83766,0.252852,2.92943,-7.08906,1.3229,2.75,7.97191,
14.8,0.0537254,-64.9746,2.74999,-8.16103,-66.7673,2.75,6.83217,0.263689,2.96215,-7.0797,1.32225,2.75,7.98165,
14.9,0.0556721,-64.9726,2.75001,-8.16644,-66.776,2.74999,6.82549,0.270922,2.98806,-7.07073,1.32158,2.75,7.9908,
15,0.0575475,-64.9706,2.75001,-8.17172,-66.7847,2.74999,6.81892,0.276626,3.01167,-7.06183,1.32094,2.75,7.99974,
15.1,0.0595892,-64.9685,2.75,-8.17626,-66.7915,2.75,6.81329,0.285463,3.03978,-7.05271,1.32031,2.75,8.009,
15.2,0.0618767,-64.9665,2.75001,-8.18106,-66.7978,2.75001,6.80747,0.29778,3.07442,-7.04316,1.31971,2.75,8.01873,
15.3,0.0642865,-64.9642,2.75,-8.18761,-66.8068,2.75001,6.79955,0.309542,3.11214,-7.03314,1.31901,2.75,8.02872,
15.4,0.0667442,-64.9618,2.75,-8.19375,-66.8161,2.75,6.79196,0.318136,3.15012,-7.02272,1.31808,2.75,8.03883,
15.5,0.0691978,-64.9594,2.75,-8.19943,-66.8268,2.75001,6.78465,0.328644,3.18996,-7.01207,1.31706,2.75,8.04912,
15.6,0.0716629,-64.9569,2.74999,-8.20525,-66.8372,2.75,6.77722,0.339711,3.22957,-7.00135,1.31608,2.75,8.05942,
15.7,0.0740347,-64.9544,2.75,-8.21112,-66.8471,2.75,6.76979,0.348141,3.26564,-6.99075,1.31514,2.75,8.06943,
15.8,0.0762741,-64.9519,2.75001,-8.21713,-66.8576,2.75,6.76214,0.355798,3.29884,-6.98032,1.31404,2.75,8.07925,
15.9,0.0784582,-64.9494,2.75001,-8.22311,-66.8673,2.75,6.7546,0.364163,3.33098,-6.96995,1.31302,2.75,8.08901,
16,0.0806397,-64.9468,2.75001,-8.22913,-66.8759,2.75,6.74714,0.373204,3.36316,-6.9596,1.31199,2.75,8.09871,
16.1,0.0828331,-64.9443,2.75,-8.23508,-66.8844,2.75,6.73978,0.382085,3.39569,-6.94916,1.31094,2.75,8.10841,
16.2,0.0850587,-64.9418,2.75,-8.24111,-66.8929,2.75,6.73232,0.390653,3.4288,-6.93858,1.30988,2.75,8.11812,
16.3,0.0873197,-64.9392,2.75001,-8.24716,-66.9016,2.75,6.72478,0.399632,3.46302,-6.92783,1.30866,2.75,8.12791,
16.4,0.0896128,-64.9366,2.75001,-8.25306,-66.9102,2.75,6.7174,0.40885,3.49796,-6.91693,1.30741,2.75,8.13774,
16.5,0.091876,-64.9339,2.75001,-8.25887,-66.9189,2.75,6.71009,0.418027,3.53286,-6.90594,1.30615,2.75,8.14758,
16.6,0.0941359,-64.931,2.75001,-8.26451,-66.9275,2.75,6.70293,0.426452,3.56705,-6.89489,1.30495,2.75,8.15737,
16.7,0.0963876,-64.9282,2.75001,-8.27028,-66.9357,2.75,6.69567,0.434772,3.60061,-6.88385,1.30366,2.75,8.16712,
16.8,0.098631,-64.9253,2.75,-8.27602,-66.944,2.75001,6.68844,0.443155,3.63324,-6.87284,1.30234,2.75,8.1768,
16.9,0.100765,-64.9222,2.75,-8.28168,-66.952,2.75,6.68128,0.451198,3.66469,-6.86195,1.30106,2.75,8.18634,
17,0.102905,-64.9192,2.74999,-8.28729,-66.9598,2.75,6.6742,0.458962,3.69572,-6.85108,1.29976,2.75,8.19581,
17.1,0.105051,-64.9162,2.75,-8.29282,-66.9676,2.75,6.66719,0.466603,3.72702,-6.8401,1.29847,2.75,8.20527,
17.2,0.107244,-64.9131,2.75001,-8.29819,-66.9753,2.75,6.66032,0.474516,3.7593,-6.82896,1.29712,2.75,8.2148,
17.3,0.109489,-64.9098,2.75,-8.30336,-66.9831,2.75001,6.65362,0.482417,3.79247,-6.81763,1.29571,2.75,8.22437,
17.4,0.111727,-64.9064,2.75,-8.30846,-66.9909,2.75001,6.64696,0.49037,3.82616,-6.80619,1.29427,2.75,8.23395,
17.5,0.113933,-64.903,2.75,-8.31344,-66.9988,2.75001,6.6404,0.498516,3.86018,-6.79462,1.29284,2.75,8.24355,
17.6,0.116168,-64.8994,2.75,-8.31823,-67.0063,2.75001,6.63407,0.506658,3.89422,-6.78299,1.29137,2.75,8.25314,
17.7,0.118391,-64.8959,2.75,-8.32289,-67.0135,2.75001,6.62789,0.514378,3.92742,-6.7714,1.28984,2.75,8.26264,
17.8,0.12056,-64.8922,2.75,-8.32742,-67.0205,2.75001,6.62184,0.52139,3.95906,-6.75999,1.28837,2.75,8.27198,
17.9,0.122644,-64.8885,2.75,-8.33184,-67.0274,2.75001,6.61591,0.528365,3.98968,-6.7487,1.2869,2.75,8.2812,
18,0.124709,-64.8848,2.75,-8.33615,-67.0339,2.75001,6.61012,0.53562,4.02008,-6.73742,1.28541,2.75,8.29037,
18.1,0.126787,-64.8811,2.75,-8.34036,-67.0402,2.75001,6.60449,0.542867,4.05068,-6.72607,1.28392,2.75,8.29954,
18.2,0.128919,-64.8773,2.75,-8.34451,-67.0464,2.75001,6.59888,0.550018,4.08185,-6.71458,1.28238,2.75,8.30873,
18.3,0.131069,-64.8734,2.75,-8.34863,-67.0528,2.75001,6.59326,0.557133,4.11361,-6.70294,1.28083,2.75,8.31794,
18.4,0.133199,-64.8695,2.75,-8.35271,-67.0592,2.75001,6.58767,0.564327,4.14572,-6.6912,1.27927,2.75,8.32715,
18.5,0.135347,-64.8655,2.75,-8.35672,-67.0656,2.75001,6.58214,0.571644,4.17804,-6.67937,1.27769,2.75,8.33636,
18.6,0.137487,-64.8615,2.75,-8.36063,-67.072,2.75001,6.57669,0.578887,4.2103,-6.66748,1.27603,2.75,8.34556,
18.7,0.139643,-64.8574,2.75,-8.36445,-67.0783,2.75001,6.57133,0.585638,4.24199,-6.65563,1.2744,2.75,8.35469,
18.8,0.141758,-64.8533,2.75,-8.36818,-67.0845,2.75001,6.56606,0.592112,4.273,-6.64384,1.2728,2.75,8.36373,
18.9,0.143831,-64.8491,2.75,-8.37185,-67.0906,2.75001,6.56085,0.598645,4.3036,-6.63208,1.27116,2.75,8.37272,
19,0.145899,-64.8449,2.75,-8.37552,-67.0967,2.75001,6.55564,0.605025,4.33393,-6.62033,1.26949,2.75,8.38166,
19.1,0.147939,-64.8407,2.75,-8.37915,-67.1028,2.75001,6.55044,0.611327,4.36442,-6.60849,1.2678,2.75,8.3906,
19.2,0.150046,-64.8364,2.75,-8.38274,-67.1089,2.75001,6.54528,0.617888,4.39573,-6.59646,1.26611,2.75,8.39959,
19.3,0.152178,-64.8322,2.75,-8.38629,-67.115,2.75001,6.54015,0.624279,4.42745,-6.5843,1.26439,2.75,8.40858,
19.4,0.154297,-64.8278,2.75,-8.38974,-67.1212,2.75001,6.53507,0.630447,4.45911,-6.57208,1.26266,2.75,8.41756,
19.5,0.15639,-64.8232,2.75,-8.39311,-67.1274,2.75001,6.53004,0.636613,4.49071,-6.55981,1.26086,2.75,8.42653,
19.6,0.158497,-64.8186,2.75,-8.39643,-67.1336,2.75001,6.52505,0.642724,4.52229,-6.54749,1.25906,2.75,8.43547,
19.7,0.160593,-64.8139,2.75,-8.39973,-67.1398,2.75001,6.52006,0.648443,4.55359,-6.53516,1.25728,2.75,8.44438,
19.8,0.162651,-64.8094,2.75,-8.40307,-67.1461,2.75001,6.51504,0.653945,4.58469,-6.5228,1.25546,2.75,8.45325,
19.9,0.164739,-64.805,2.75,-8.40654,-67.1522,2.75001,6.50991,0.659939,4.61599,-6.51037,1.25361,2.75,8.46213,
20,0.166811,-64.8008,2.75001,-8.41017,-67.1582,2.74999,6.50466,0.666091,4.64707,-6.49793,1.25172,2.75,8.47097,
20.1,0.168864,-64.7965,2.75,-8.41371,-67.1641,2.75,6.49952,0.672007,4.67756,-6.48556,1.24982,2.75,8.47976,
20.2,0.170895,-64.7922,2.75,-8.41728,-67.1699,2.75,6.49434,0.677809,4.70745,-6.47326,1.24794,2.75,8.48847,
20.3,0.172878,-64.7871,2.75,-8.42003,-67.1762,2.75,6.48977,0.682946,4.73641,-6.4611,1.24607,2.75,8.49707,
20.4,0.174866,-64.7817,2.75,-8.42265,-67.1824,2.75,6.4853,0.686247,4.7648,-6.44895,1.24418,2.75,8.50562,
20.5,0.176944,-64.7749,2.74999,-8.42418,-67.1881,2.75,6.48173,0.690979,4.79619,-6.43615,1.24222,2.75,8.51441,
20.6,0.179163,-64.768,2.75,-8.42595,-67.1937,2.75,6.47794,0.696102,4.83081,-6.42259,1.24036,2.75,8.52345,
20.7,0.181446,-64.7598,2.75001,-8.42737,-67.1993,2.74999,6.47427,0.701699,4.86781,-6.40805,1.23852,2.75,8.53306,
20.8,0.183762,-64.7502,2.75001,-8.42784,-67.2049,2.75,6.47131,0.705837,4.90494,-6.39313,1.23677,2.75,8.54288,
20.9,0.186107,-64.7401,2.75,-8.42718,-67.2102,2.75,6.46942,0.709301,4.94223,-6.3779,1.23516,2.75,8.55286,
21,0.188437,-64.7309,2.75,-8.42694,-67.2155,2.75,6.46725,0.714395,4.98087,-6.36229,1.23343,2.75,8.56298,
21.1,0.19075,-64.7216,2.75,-8.42673,-67.2201,2.74999,6.46514,0.720201,5.01879,-6.34676,1.23167,2.74999,8.57306,
21.2,0.192956,-64.7136,2.75,-8.42433,-67.2201,2.74999,6.46619,0.725749,5.05367,-6.33181,1.23005,2.74999,8.5829,
21.3,0.194957,-64.7052,2.75,-8.4216,-67.2199,2.74999,6.46753,0.733873,5.08482,-6.31757,1.22864,2.74999,8.59262,
21.4,0.19667,-64.698,2.75,-8.4194,-67.2197,2.74999,6.46854,0.738419,5.10785,-6.30505,1.22741,2.74999,8.60171,
21.5,0.198187,-64.6901,2.75,-8.41695,-67.2195,2.74999,6.4697,0.739916,5.12512,-6.29382,1.22612,2.74999,8.61028,
21.6,0.199803,-64.6828,2.75,-8.41473,-67.2191,2.74999,6.47074,0.743346,5.14417,-6.28225,1.22488,2.74999,8.61896,
21.7,0.201565,-64.6765,2.75,-8.41296,-67.2187,2.74999,6.4715,0.749936,5.16938,-6.26928,1.22359,2.74999,8.62811,
21.8,0.203607,-64.6698,2.75,-8.41108,-67.2184,2.74999,6.47228,0.756855,5.19957,-6.25506,1.22217,2.74999,8.63766,
21.9,0.205734,-64.6611,2.75,-8.40831,-67.2184,2.74999,6.47357,0.762326,5.23176,-6.24022,1.22081,2.74999,8.64738,
22,0.20787,-64.6498,2.75,-8.40456,-67.2185,2.74999,6.47536,0.766487,5.26461,-6.2251,1.2195,2.74999,8.65715,
22.1,0.210063,-64.6378,2.75,-8.40049,-67.2187,2.74999,6.4773,0.770486,5.29874,-6.20957,1.21818,2.74999,8.66703,
22.2,0.212216,-64.6256,2.75,-8.39638,-67.2189,2.74999,6.47926,0.775359,5.33455,-6.19353,1.21684,2.74999,8.67708,
22.3,0.214501,-64.6137,2.75,-8.39239,-67.2189,2.74999,6.48117,0.780746,5.371,-6.17723,1.21555,2.74999,8.6872,
22.4,0.216687,-64.6015,2.75,-8.38833,-67.2189,2.74999,6.4831,0.785149,5.40557,-6.16129,1.21417,2.74999,8.69718,
22.5,0.218805,-64.5896,2.75,-8.3843,-67.2189,2.74999,6.48502,0.78873,5.43765,-6.14589,1.2129,2.74999,8.70695,
22.6,0.220792,-64.5781,2.75,-8.38043,-67.2188,2.74999,6.48688,0.792995,5.46846,-6.13076,1.21172,2.74999,8.71661,
22.7,0.222781,-64.5674,2.74999,-8.37695,-67.2189,2.75,6.48843,0.797337,5.49843,-6.11578,1.21047,2.75,8.72624,
22.8,0.224758,-64.5571,2.75,-8.37297,-67.2193,2.75,6.4905,0.800792,5.52723,-6.1008,1.20925,2.75,8.73598,
22.9,0.226738,-64.5465,2.74999,-8.36881,-67.2197,2.75,6.49269,0.804082,5.55607,-6.08575,1.20805,2.74999,8.74572,
23,0.228724,-64.5356,2.74999,-8.36616,-67.2223,2.75,6.4929,0.808162,5.58683,-6.07009,1.20686,2.74999,8.75568,
23.1,0.230812,-64.5256,2.74999,-8.36405,-67.2248,2.75,6.49276,0.811439,5.61944,-6.05344,1.20556,2.75,8.76618,
23.2,0.23306,-64.5163,2.74999,-8.36081,-67.2275,2.75,6.49381,0.816483,5.65498,-6.03591,1.20421,2.74999,8.77695,
23.3,0.235269,-64.5068,2.75,-8.35733,-67.2303,2.75,6.49505,0.821751,5.69069,-6.01824,1.20286,2.75,8.78774,
23.4,0.237328,-64.4971,2.75,-8.35367,-67.2331,2.75,6.49639,0.824822,5.72297,-6.00141,1.20158,2.75,8.79824,
23.5,0.239254,-64.4868,2.74999,-8.34962,-67.2359,2.75,6.49804,0.826988,5.75206,-5.98538,1.20035,2.74999,8.80848,
23.6,0.241159,-64.4768,2.75,-8.34575,-67.2382,2.75,6.49959,0.82937,5.77997,-5.96963,1.19913,2.75,8.81863,
23.7,0.24309,-64.4675,2.75,-8.34242,-67.2405,2.75,6.50076,0.832354,5.80834,-5.95373,1.19782,2.75,8.8288,
23.8,0.245063,-64.4587,2.74999,-8.33949,-67.2427,2.75,6.50163,0.835941,5.83788,-5.93744,1.19646,2.74999,8.83906,
23.9,0.247042,-64.4499,2.75,-8.33663,-67.2448,2.75,6.50245,0.840252,5.86864,-5.92073,1.19511,2.75,8.84944,
24,0.249001,-64.4408,2.75,-8.33359,-67.2468,2.75,6.5034,0.844135,5.8993,-5.90399,1.19375,2.75,8.8598,
24.1,0.250951,-64.4313,2.74999,-8.33035,-67.2488,2.75,6.50445,0.847365,5.929,-5.88744,1.19235,2.74999,8.87009,
24.2,0.252957,-64.4218,2.75001,-8.32715,-67.2507,2.75,6.50548,0.850795,5.95865,-5.87085,1.19104,2.75,8.88038,
24.3,0.254893,-64.4122,2.75001,-8.32388,-67.2524,2.75,6.50659,0.854252,5.98829,-5.85421,1.18967,2.75,8.89066,
24.4,0.256772,-64.4027,2.74999,-8.3207,-67.2541,2.75,6.50762,0.857554,6.01761,-5.83758,1.18827,2.74999,8.90092,
24.5,0.258687,-64.393,2.75001,-8.31748,-67.2556,2.75,6.50868,0.86075,6.04654,-5.82101,1.18688,2.75,8.91115,
24.6,0.260603,-64.3833,2.75001,-8.31429,-67.2572,2.75,6.5097,0.863879,6.07548,-5.80439,1.18552,2.75,8.92136,
24.7,0.262519,-64.3739,2.75,-8.31125,-67.2587,2.75,6.51062,0.867171,6.10468,-5.78762,1.18412,2.74999,8.9316,
24.8,0.264556,-64.3642,2.75001,-8.30818,-67.26,2.75,6.51155,0.870432,6.13373,-5.77083,1.18271,2.75,8.94185,
24.9,0.26653,-64.3543,2.75001,-8.30492,-67.2612,2.75,6.51262,0.873485,6.16236,-5.75412,1.1813,2.75,8.95204,
25,0.268428,-64.3446,2.75,-8.3018,-67.2625,2.75,6.51358,0.876066,6.1905,-5.7375,1.17989,2.74999,8.96218,
25.1,0.270315,-64.3346,2.75001,-8.29858,-67.2637,2.75,6.5146,0.879782,6.21952,-5.72054,1.17847,2.75,8.97243,
25.2,0.272183,-64.3246,2.75001,-8.29543,-67.2647,2.74999,6.51558,0.883597,6.24855,-5.70354,1.17703,2.75,8.98265,
25.3,0.273986,-64.3146,2.75,-8.29225,-67.2658,2.75,6.51656,0.886837,6.27719,-5.68659,1.17561,2.74999,8.99284,
25.4,0.275908,-64.3044,2.75001,-8.289,-67.2667,2.75,6.51759,0.889458,6.3052,-5.66975,1.17418,2.75,9.003,
25.5,0.277898,-64.2941,2.75001,-8.28573,-67.2675,2.74999,6.51862,0.892064,6.33315,-5.65289,1.17271,2.75,9.01313,
25.6,0.279854,-64.281,2.75,-8.28304,-67.2686,2.75,6.51845,0.894659,6.36116,-5.63596,1.1713,2.74999,9.02326,
25.7,0.281746,-64.2652,2.75,-8.28262,-67.27,2.75001,6.51539,0.89433,6.38892,-5.61899,1.17002,2.75,9.03339,
25.8,0.283817,-64.2471,2.75,-8.28078,-67.2711,2.75001,6.51333,0.895317,6.42188,-5.60024,1.16861,2.75,9.04396,
25.9,0.286098,-64.2279,2.74999,-8.27855,-67.272,2.74999,6.51143,0.897967,6.46171,-5.57908,1.16716,2.74999,9.05515,
26,0.288494,-64.2084,2.75,-8.27625,-67.273,2.75,6.5095,0.90034,6.50582,-5.55625,1.16559,2.75,9.06679,
26.1,0.291115,-64.1883,2.75,-8.27422,-67.2752,2.75001,6.50688,0.90291,6.55129,-5.53277,1.16396,2.75,9.0786,
26.2,0.29363,-64.1697,2.74999,-8.27323,-67.2778,2.75,6.50343,0.904334,6.59425,-5.50993,1.16235,2.74999,9.09024,
26.3,0.295882,-64.1532,2.75,-8.27335,-67.2805,2.75,6.49926,0.906419,6.63291,-5.48841,1.16075,2.75,9.1016,
26.4,0.297983,-64.1393,2.75001,-8.27521,-67.2829,2.75001,6.49394,0.909301,6.66522,-5.46902,1.15913,2.75,9.11243,
26.5,0.299737,-64.1283,2.74999,-8.27899,-67.2854,2.75,6.48729,0.91242,6.69046,-5.45207,1.15747,2.74999,9.12266,
26.6,0.301154,-64.1198,2.75,-8.28445,-67.288,2.74999,6.47945,0.915743,6.71016,-5.43707,1.15591,2.75,9.1324,
26.7,0.302523,-64.1124,2.75,-8.29077,-67.2901,2.75,6.47108,0.919574,6.72698,-5.42313,1.15436,2.75,9.14184,
26.8,0.303952,-64.1056,2.74999,-8.29764,-67.2919,2.75,6.46236,0.92365,6.74355,-5.40935,1.15271,2.75,9.15119,
26.9,0.305469,-64.099,2.75,-8.30469,-67.2937,2.74999,6.4535,0.928265,6.76215,-5.39447,1.15121,2.74999,9.16104,
27,0.307141,-64.0919,2.75,-8.31136,-67.2955,2.75,6.44489,0.933477,6.78437,-5.37822,1.14968,2.74999,9.17125,
27.1,0.308965,-64.0837,2.74999,-8.31736,-67.2973,2.75,6.43671,0.938373,6.80937,-5.36096,1.14808,2.75,9.18165,
27.2,0.310759,-64.0744,2.75,-8.32247,-67.2994,2.75,6.42911,0.942576,6.83581,-5.34313,1.14652,2.75,9.19216,
27.3,0.312365,-64.0638,2.75001,-8.32673,-67.3015,2.75,6.42209,0.946573,6.86271,-5.32479,1.14502,2.75,9.20298,
27.4,0.314007,-64.0528,2.74999,-8.33065,-67.3034,2.75,6.41534,0.949702,6.88769,-5.30698,1.14344,2.75,9.21377,
27.5,0.315595,-64.0428,2.75,-8.33522,-67.3055,2.74999,6.40809,0.952851,6.91037,-5.28997,1.14192,2.75,9.22436,
27.6,0.31706,-64.034,2.75001,-8.34049,-67.3076,2.75,6.40038,0.956692,6.93112,-5.27365,1.14048,2.75,9.23478,
27.7,0.318446,-64.026,2.74999,-8.34645,-67.3095,2.75,6.39223,0.960264,6.94898,-5.2584,1.13896,2.75,9.24493,
27.8,0.319801,-64.0187,2.75,-8.3529,-67.3113,2.74999,6.38373,0.963668,6.96461,-5.244,1.13748,2.75,9.25485,
27.9,0.32109,-64.0118,2.75001,-8.35971,-67.3129,2.75,6.37504,0.967305,6.98006,-5.2297,1.136,2.75,9.26471,
28,0.32241,-64.005,2.74999,-8.36666,-67.3145,2.75,6.3662,0.969972,6.99585,-5.21531,1.13437,2.75,9.27454,
28.1,0.323879,-63.9976,2.75,-8.37321,-67.3165,2.74999,6.35755,0.972069,7.01331,-5.20031,1.13276,2.75,9.28445,
28.2,0.325492,-63.9892,2.75001,-8.37904,-67.3185,2.75,6.34937,0.974208,7.03394,-5.18412,1.13118,2.75,9.2946,
28.3,0.327171,-63.98,2.74999,-8.38427,-67.3208,2.75,6.34152,0.975625,7.05697,-5.167,1.1295,2.75,9.30492,
28.4,0.3289,-63.9697,2.75,-8.38882,-67.3234,2.75,6.33404,0.976085,7.08082,-5.14953,1.12788,2.75,9.31529,
28.5,0.330665,-63.9584,2.75001,-8.39268,-67.326,2.75,6.32701,0.976054,7.10488,-5.13194,1.12629,2.75,9.32567,
28.6,0.332397,-63.9469,2.74999,-8.39642,-67.3288,2.75,6.32,0.975604,7.12929,-5.11418,1.12469,2.75,9.33607,
28.7,0.334094,-63.9356,2.75,-8.40019,-67.3319,2.75,6.3129,0.975469,7.15439,-5.09611,1.12316,2.75,9.34652,
28.8,0.335838,-63.9241,2.75001,-8.40392,-67.3349,2.75,6.30582,0.975636,7.17936,-5.07806,1.12165,2.75,9.35695,
28.9,0.337616,-63.913,2.74999,-8.40786,-67.3379,2.75,6.29861,0.975073,7.20292,-5.06051,1.12014,2.75,9.36725,
29,0.339329,-63.9021,2.75,-8.41192,-67.3409,2.74999,6.29131,0.974562,7.22583,-5.0432,1.11869,2.75,9.37748,
29.1,0.340979,-63.8915,2.75001,-8.41604,-67.3439,2.75,6.28398,0.974883,7.24894,-5.0258,1.1173,2.75,9.38771,
29.2,0.342605,-63.8811,2.74999,-8.42036,-67.3468,2.75,6.27654,0.975273,7.27157,-5.00856,1.11592,2.75,9.39788,
29.3,0.344248,-63.8708,2.75,-8.42475,-67.3496,2.74999,6.26906,0.975354,7.29335,-4.99164,1.11454,2.75,9.40796,
29.4,0.345912,-63.8607,2.75001,-8.42917,-67.3524,2.75,6.26157,0.975399,7.31491,-4.9748,1.11323,2.75,9.418,
29.5,0.347559,-63.8507,2.74999,-8.43367,-67.3552,2.75,6.25402,0.975563,7.33683,-4.95778,1.11194,2.75,9.42806,
29.6,0.349211,-63.8406,2.75,-8.43813,-67.358,2.74999,6.2465,0.976146,7.35895,-4.94034,1.11071,2.74999,9.43845,
29.7,0.350838,-63.8304,2.75001,-8.44249,-67.3607,2.75,6.23903,0.976867,7.38082,-4.92276,1.1096,2.75,9.44901,
29.8,0.352447,-63.8202,2.74999,-8.4468,-67.3635,2.75,6.23159,0.976999,7.40216,-4.90529,1.10852,2.75,9.4596,
29.9,0.354116,-63.8099,2.75,-8.4511,-67.3662,2.74999,6.22415,0.977107,7.42382,-4.88767,1.10742,2.75,9.4702,
30,0.355824,-63.7997,2.75001,-8.45535,-67.3689,2.75,6.21675,0.977821,7.44639,-4.86966,1.10639,2.75,9.48086,
30.1,0.356933,-63.7895,2.75,-8.45959,-67.3717,2.75,6.20936,0.978079,7.46821,-4.85189,1.10545,2.75,9.49148,
30.2,0.357784,-63.7793,2.75,-8.46366,-67.3745,2.74999,6.2021,0.977183,7.48487,-4.83615,1.10464,2.75,9.50173,
30.3,0.358364,-63.7697,2.75001,-8.46803,-67.3772,2.75,6.19472,0.976483,7.49543,-4.8229,1.10405,2.75,9.51148,
30.4,0.358796,-63.7619,2.75,-8.47364,-67.3794,2.74999,6.18662,0.976779,7.50192,-4.81133,1.10353,2.75,9.52091,
30.5,0.35926,-63.7561,2.75,-8.48029,-67.3808,2.74999,6.17821,0.978538,7.5071,-4.80033,1.10293,2.75,9.53021,
30.6,0.359682,-63.7519,2.75,-8.47588,-67.3765,2.75,6.18264,0.982867,7.51266,-4.78921,1.10245,2.75,9.53953,
30.7,0.35993,-63.7473,2.75001,-8.47136,-67.3725,2.75,6.187,0.985146,7.51462,-4.77961,1.10245,2.75,9.5485,
30.8,0.360038,-63.7415,2.75,-8.468,-67.3695,2.74999,6.18969,0.984883,7.51321,-4.7714,1.1023,2.75,9.55718,
30.9,0.360231,-63.7362,2.75001,-8.46434,-67.3662,2.75,6.19284,0.986544,7.51387,-4.76234,1.10198,2.75,9.56603,
31,0.360635,-63.7319,2.75001,-8.45966,-67.3618,2.75,6.19754,0.990265,7.51847,-4.75168,1.10178,2.75,9.57519,
31.1,0.361008,-63.7272,2.75,-8.45542,-67.3579,2.74999,6.20159,0.992808,7.52462,-4.74037,1.10145,2.75,9.58448,
31.2,0.361386,-63.7218,2.74999,-8.4522,-67.355,2.75,6.2042,0.993674,7.52984,-4.72942,1.1011,2.75,9.59369,
31.3,0.361712,-63.7153,2.74999,-8.44932,-67.3523,2.75,6.20612,0.995618,7.53495,-4.71852,1.10106,2.75,9.6029,
31.4,0.362082,-63.7092,2.75,-8.44623,-67.3494,2.74999,6.20843,0.997144,7.53882,-4.70813,1.10077,2.75,9.61201,
31.5,0.362402,-63.7037,2.75,-8.44318,-67.3467,2.75,6.21079,0.997728,7.5416,-4.69821,1.1005,2.75,9.62101,
31.6,0.362733,-63.698,2.75,-8.44018,-67.3439,2.75,6.21307,0.999608,7.54573,-4.68774,1.10045,2.75,9.63011,
31.7,0.363042,-63.6923,2.75001,-8.43727,-67.3412,2.75,6.21522,1.00179,7.55061,-4.67695,1.10029,2.75,9.63928,
31.8,0.363357,-63.6868,2.75,-8.43434,-67.3386,2.75,6.21743,1.00301,7.55487,-4.6664,1.10008,2.75,9.64841,
31.9,0.363707,-63.6809,2.74999,-8.43172,-67.336,2.75,6.21922,1.00447,7.55908,-4.65588,1.09997,2.75,9.65753,
